layout_spectrum: 0
typography_spectrum: 0.1191489
color:
  saturation: 0.8553191
  lightness: 0.3106383
  brandStrength: 0.1404255
  rhythmicContrast: 0.7468085
name: Albert park cafe
